0.000000000000000000e+00 1.601053960734239809e+03 1.630181840769206246e+03 3.204849504179648193e+03 3.237535909151019496e+03 3.264726150483843867e+03
-1.601053960734239809e+03 0.000000000000000000e+00 2.912788003496643796e+01 1.603795543445408384e+03 1.636481948416779687e+03 1.663672189749604058e+03
-1.630181840769206246e+03 -2.912788003496643796e+01 0.000000000000000000e+00 1.574667663410441946e+03 1.607354068381813249e+03 1.634544309714637620e+03
-3.204849504179648193e+03 -1.603795543445408384e+03 -1.574667663410441946e+03 0.000000000000000000e+00 3.268640497137130296e+01 5.987664630419567402e+01
-3.237535909151019496e+03 -1.636481948416779687e+03 -1.607354068381813249e+03 -3.268640497137130296e+01 0.000000000000000000e+00 2.719024133282437106e+01
-3.264726150483843867e+03 -1.663672189749604058e+03 -1.634544309714637620e+03 -5.987664630419567402e+01 -2.719024133282437106e+01 0.000000000000000000e+00
