0.000000000000000000e+00 1.785350887278080336e+03 1.812716496543929679e+03 3.568915365509776166e+03 3.597847322457819246e+03 3.634809284332513926e+03
-1.785350887278080336e+03 0.000000000000000000e+00 2.736560926584934350e+01 1.783564478231695830e+03 1.812496435179738910e+03 1.849458397054433590e+03
-1.812716496543929679e+03 -2.736560926584934350e+01 0.000000000000000000e+00 1.756198868965846486e+03 1.785130825913889566e+03 1.822092787788584246e+03
-3.568915365509776166e+03 -1.783564478231695830e+03 -1.756198868965846486e+03 0.000000000000000000e+00 2.893195694804308005e+01 6.589391882273775991e+01
-3.597847322457819246e+03 -1.812496435179738910e+03 -1.785130825913889566e+03 -2.893195694804308005e+01 0.000000000000000000e+00 3.696196187469467986e+01
-3.634809284332513926e+03 -1.849458397054433590e+03 -1.822092787788584246e+03 -6.589391882273775991e+01 -3.696196187469467986e+01 0.000000000000000000e+00
