0.000000000000000000e+00 1.785350887278138543e+03 1.812716496543973335e+03 3.568915365509747062e+03 3.597847322457892005e+03 3.634809284332572133e+03
-1.785350887278138543e+03 0.000000000000000000e+00 2.736560926583479159e+01 1.783564478231608518e+03 1.812496435179753462e+03 1.849458397054433590e+03
-1.812716496543973335e+03 -2.736560926583479159e+01 0.000000000000000000e+00 1.756198868965773727e+03 1.785130825913918670e+03 1.822092787788598798e+03
-3.568915365509747062e+03 -1.783564478231608518e+03 -1.756198868965773727e+03 0.000000000000000000e+00 2.893195694814494345e+01 6.589391882282507140e+01
-3.597847322457892005e+03 -1.812496435179753462e+03 -1.785130825913918670e+03 -2.893195694814494345e+01 0.000000000000000000e+00 3.696196187468012795e+01
-3.634809284332572133e+03 -1.849458397054433590e+03 -1.822092787788598798e+03 -6.589391882282507140e+01 -3.696196187468012795e+01 0.000000000000000000e+00
