0.000000000000000000e+00 1.786587798022446805e+03 1.803739966137954070e+03 3.572673959165161705e+03 3.590207647870947312e+03 3.606979170559353861e+03
-1.786587798022446805e+03 0.000000000000000000e+00 1.715216811550726561e+01 1.786086161142714900e+03 1.803619849848500508e+03 1.820391372536907056e+03
-1.803739966137954070e+03 -1.715216811550726561e+01 0.000000000000000000e+00 1.768933993027207634e+03 1.786467681732993242e+03 1.803239204421399791e+03
-3.572673959165161705e+03 -1.786086161142714900e+03 -1.768933993027207634e+03 0.000000000000000000e+00 1.753368870578560745e+01 3.430521139419215615e+01
-3.590207647870947312e+03 -1.803619849848500508e+03 -1.786467681732993242e+03 -1.753368870578560745e+01 0.000000000000000000e+00 1.677152268840654870e+01
-3.606979170559353861e+03 -1.820391372536907056e+03 -1.803239204421399791e+03 -3.430521139419215615e+01 -1.677152268840654870e+01 0.000000000000000000e+00
