0.000000000000000000e+00 1.786587798022446805e+03 1.803739966137955889e+03 3.572673959165161705e+03 3.590207647870948222e+03 3.606979170559352951e+03
-1.786587798022446805e+03 0.000000000000000000e+00 1.715216811550908460e+01 1.786086161142714900e+03 1.803619849848501417e+03 1.820391372536906147e+03
-1.803739966137955889e+03 -1.715216811550908460e+01 0.000000000000000000e+00 1.768933993027205815e+03 1.786467681732992332e+03 1.803239204421397062e+03
-3.572673959165161705e+03 -1.786086161142714900e+03 -1.768933993027205815e+03 0.000000000000000000e+00 1.753368870578651695e+01 3.430521139419124665e+01
-3.590207647870948222e+03 -1.803619849848501417e+03 -1.786467681732992332e+03 -1.753368870578651695e+01 0.000000000000000000e+00 1.677152268840472971e+01
-3.606979170559352951e+03 -1.820391372536906147e+03 -1.803239204421397062e+03 -3.430521139419124665e+01 -1.677152268840472971e+01 0.000000000000000000e+00
