0.000000000000000000e+00 1.710121418974405060e+03 1.721705520098455963e+03 1.745581126891649546e+03 3.416080836322253163e+03 3.425979570386778505e+03 3.440575727156959147e+03 3.453720372854733796e+03 3.464719260035291882e+03 3.480768151268272049e+03
-1.710121418974405060e+03 0.000000000000000000e+00 1.158410112405090331e+01 3.545970791724448645e+01 1.705959417347848103e+03 1.715858151412373445e+03 1.730454308182554087e+03 1.743598953880328736e+03 1.754597841060886822e+03 1.770646732293866989e+03
-1.721705520098455963e+03 -1.158410112405090331e+01 0.000000000000000000e+00 2.387560679319358314e+01 1.694375316223797199e+03 1.704274050288322542e+03 1.718870207058503183e+03 1.732014852756277833e+03 1.743013739936835918e+03 1.759062631169816086e+03
-1.745581126891649546e+03 -3.545970791724448645e+01 -2.387560679319358314e+01 0.000000000000000000e+00 1.670499709430603616e+03 1.680398443495128959e+03 1.694994600265309600e+03 1.708139245963084250e+03 1.719138133143642335e+03 1.735187024376622503e+03
-3.416080836322253163e+03 -1.705959417347848103e+03 -1.694375316223797199e+03 -1.670499709430603616e+03 0.000000000000000000e+00 9.898734064525342546e+00 2.449489083470598416e+01 3.763953653248063347e+01 4.863842371303871914e+01 6.468731494601888699e+01
-3.425979570386778505e+03 -1.715858151412373445e+03 -1.704274050288322542e+03 -1.680398443495128959e+03 -9.898734064525342546e+00 0.000000000000000000e+00 1.459615677018064162e+01 2.774080246795529092e+01 3.873968964851337660e+01 5.478858088149354444e+01
-3.440575727156959147e+03 -1.730454308182554087e+03 -1.718870207058503183e+03 -1.694994600265309600e+03 -2.449489083470598416e+01 -1.459615677018064162e+01 0.000000000000000000e+00 1.314464569777464931e+01 2.414353287833273498e+01 4.019242411131290282e+01
-3.453720372854733796e+03 -1.743598953880328736e+03 -1.732014852756277833e+03 -1.708139245963084250e+03 -3.763953653248063347e+01 -2.774080246795529092e+01 -1.314464569777464931e+01 0.000000000000000000e+00 1.099888718055808567e+01 2.704777841353825352e+01
-3.464719260035291882e+03 -1.754597841060886822e+03 -1.743013739936835918e+03 -1.719138133143642335e+03 -4.863842371303871914e+01 -3.873968964851337660e+01 -2.414353287833273498e+01 -1.099888718055808567e+01 0.000000000000000000e+00 1.604889123298016784e+01
-3.480768151268272049e+03 -1.770646732293866989e+03 -1.759062631169816086e+03 -1.735187024376622503e+03 -6.468731494601888699e+01 -5.478858088149354444e+01 -4.019242411131290282e+01 -2.704777841353825352e+01 -1.604889123298016784e+01 0.000000000000000000e+00
