0.000000000000000000e+00 1.671350278694464578e+03 1.720812959652746940e+03 1.754053898526316516e+03 3.341881165513727865e+03 3.388973817057503766e+03 3.423586014642105511e+03 3.438460633704153224e+03 3.472213980664349947e+03 3.503498030659465257e+03
-1.671350278694464578e+03 0.000000000000000000e+00 4.946268095828236255e+01 8.270361983185193822e+01 1.670530886819263287e+03 1.717623538363039188e+03 1.752235735947640933e+03 1.767110355009688647e+03 1.800863701969885369e+03 1.832147751965000680e+03
-1.720812959652746940e+03 -4.946268095828236255e+01 0.000000000000000000e+00 3.324093887356957566e+01 1.621068205860980925e+03 1.668160857404756825e+03 1.702773054989358570e+03 1.717647674051406284e+03 1.751401021011603007e+03 1.782685071006718317e+03
-1.754053898526316516e+03 -8.270361983185193822e+01 -3.324093887356957566e+01 0.000000000000000000e+00 1.587827266987411349e+03 1.634919918531187250e+03 1.669532116115788995e+03 1.684406735177836708e+03 1.718160082138033431e+03 1.749444132133148742e+03
-3.341881165513727865e+03 -1.670530886819263287e+03 -1.621068205860980925e+03 -1.587827266987411349e+03 0.000000000000000000e+00 4.709265154377590079e+01 8.170484912837764568e+01 9.657946819042535935e+01 1.303328151506220820e+02 1.616168651457373926e+02
-3.388973817057503766e+03 -1.717623538363039188e+03 -1.668160857404756825e+03 -1.634919918531187250e+03 -4.709265154377590079e+01 0.000000000000000000e+00 3.461219758460174489e+01 4.948681664664945856e+01 8.324016360684618121e+01 1.145242136019614918e+02
-3.423586014642105511e+03 -1.752235735947640933e+03 -1.702773054989358570e+03 -1.669532116115788995e+03 -8.170484912837764568e+01 -3.461219758460174489e+01 0.000000000000000000e+00 1.487461906204771367e+01 4.862796602224443632e+01 7.991201601735974691e+01
-3.438460633704153224e+03 -1.767110355009688647e+03 -1.717647674051406284e+03 -1.684406735177836708e+03 -9.657946819042535935e+01 -4.948681664664945856e+01 -1.487461906204771367e+01 0.000000000000000000e+00 3.375334696019672265e+01 6.503739695531203324e+01
-3.472213980664349947e+03 -1.800863701969885369e+03 -1.751401021011603007e+03 -1.718160082138033431e+03 -1.303328151506220820e+02 -8.324016360684618121e+01 -4.862796602224443632e+01 -3.375334696019672265e+01 0.000000000000000000e+00 3.128404999511531059e+01
-3.503498030659465257e+03 -1.832147751965000680e+03 -1.782685071006718317e+03 -1.749444132133148742e+03 -1.616168651457373926e+02 -1.145242136019614918e+02 -7.991201601735974691e+01 -6.503739695531203324e+01 -3.128404999511531059e+01 0.000000000000000000e+00
