0.000000000000000000e+00 1.664582437078102430e+03 1.708786396492310359e+03 1.740567193243386555e+03 3.328682259678276296e+03 3.373015703170449797e+03 3.404944395849840021e+03 3.417146098612527112e+03 3.448990196060662583e+03 3.480614498012486820e+03
-1.664582437078102430e+03 0.000000000000000000e+00 4.420395941420792951e+01 7.598475616528412502e+01 1.664099822600173866e+03 1.708433266092347367e+03 1.740361958771737591e+03 1.752563661534424682e+03 1.784407758982560154e+03 1.816032060934384390e+03
-1.708786396492310359e+03 -4.420395941420792951e+01 0.000000000000000000e+00 3.178079675107619551e+01 1.619895863185965936e+03 1.664229306678139437e+03 1.696157999357529661e+03 1.708359702120216753e+03 1.740203799568352224e+03 1.771828101520176460e+03
-1.740567193243386555e+03 -7.598475616528412502e+01 -3.178079675107619551e+01 0.000000000000000000e+00 1.588115066434889741e+03 1.632448509927063242e+03 1.664377202606453466e+03 1.676578905369140557e+03 1.708423002817276029e+03 1.740047304769100265e+03
-3.328682259678276296e+03 -1.664099822600173866e+03 -1.619895863185965936e+03 -1.588115066434889741e+03 0.000000000000000000e+00 4.433344349217350100e+01 7.626213617156372493e+01 8.846383893425081624e+01 1.203079363823862877e+02 1.519322383342105240e+02
-3.373015703170449797e+03 -1.708433266092347367e+03 -1.664229306678139437e+03 -1.632448509927063242e+03 -4.433344349217350100e+01 0.000000000000000000e+00 3.192869267939022393e+01 4.413039544207731524e+01 7.597449289021278673e+01 1.075987948420370230e+02
-3.404944395849840021e+03 -1.740361958771737591e+03 -1.696157999357529661e+03 -1.664377202606453466e+03 -7.626213617156372493e+01 -3.192869267939022393e+01 0.000000000000000000e+00 1.220170276268709131e+01 4.404580021082256280e+01 7.567010216264679912e+01
-3.417146098612527112e+03 -1.752563661534424682e+03 -1.708359702120216753e+03 -1.676578905369140557e+03 -8.846383893425081624e+01 -4.413039544207731524e+01 -1.220170276268709131e+01 0.000000000000000000e+00 3.184409744813547150e+01 6.346839939995970781e+01
-3.448990196060662583e+03 -1.784407758982560154e+03 -1.740203799568352224e+03 -1.708423002817276029e+03 -1.203079363823862877e+02 -7.597449289021278673e+01 -4.404580021082256280e+01 -3.184409744813547150e+01 0.000000000000000000e+00 3.162430195182423631e+01
-3.480614498012486820e+03 -1.816032060934384390e+03 -1.771828101520176460e+03 -1.740047304769100265e+03 -1.519322383342105240e+02 -1.075987948420370230e+02 -7.567010216264679912e+01 -6.346839939995970781e+01 -3.162430195182423631e+01 0.000000000000000000e+00
