0.000000000000000000e+00 1.662594476418368686e+03 1.730912963240236422e+03 1.775182392734725909e+03 3.324601484529401205e+03 3.393333264725981280e+03 3.437657595884767943e+03 3.461193322375363095e+03 3.505944937793219651e+03 3.549712636127369478e+03
-1.662594476418368686e+03 0.000000000000000000e+00 6.831848682186773658e+01 1.125879163163572230e+02 1.662007008111032519e+03 1.730738788307612595e+03 1.775063119466399257e+03 1.798598845956994410e+03 1.843350461374850966e+03 1.887118159709000793e+03
-1.730912963240236422e+03 -6.831848682186773658e+01 0.000000000000000000e+00 4.426942949448948639e+01 1.593688521289164783e+03 1.662420301485744858e+03 1.706744632644531521e+03 1.730280359135126673e+03 1.775031974552983229e+03 1.818799672887133056e+03
-1.775182392734725909e+03 -1.125879163163572230e+02 -4.426942949448948639e+01 0.000000000000000000e+00 1.549419091794675296e+03 1.618150871991255372e+03 1.662475203150042034e+03 1.686010929640637187e+03 1.730762545058493743e+03 1.774530243392643570e+03
-3.324601484529401205e+03 -1.662007008111032519e+03 -1.593688521289164783e+03 -1.549419091794675296e+03 0.000000000000000000e+00 6.873178019658007543e+01 1.130561113553667383e+02 1.365918378459618907e+02 1.813434532638184464e+02 2.251111515979682736e+02
-3.393333264725981280e+03 -1.730738788307612595e+03 -1.662420301485744858e+03 -1.618150871991255372e+03 -6.873178019658007543e+01 0.000000000000000000e+00 4.432433115878666285e+01 6.786005764938181528e+01 1.126116730672383710e+02 1.563793714013881981e+02
-3.437657595884767943e+03 -1.775063119466399257e+03 -1.706744632644531521e+03 -1.662475203150042034e+03 -1.130561113553667383e+02 -4.432433115878666285e+01 0.000000000000000000e+00 2.353572649059515243e+01 6.828734190845170815e+01 1.120550402426015353e+02
-3.461193322375363095e+03 -1.798598845956994410e+03 -1.730280359135126673e+03 -1.686010929640637187e+03 -1.365918378459618907e+02 -6.786005764938181528e+01 -2.353572649059515243e+01 0.000000000000000000e+00 4.475161541785655572e+01 8.851931375200638286e+01
-3.505944937793219651e+03 -1.843350461374850966e+03 -1.775031974552983229e+03 -1.730762545058493743e+03 -1.813434532638184464e+02 -1.126116730672383710e+02 -6.828734190845170815e+01 -4.475161541785655572e+01 0.000000000000000000e+00 4.376769833414982713e+01
-3.549712636127369478e+03 -1.887118159709000793e+03 -1.818799672887133056e+03 -1.774530243392643570e+03 -2.251111515979682736e+02 -1.563793714013881981e+02 -1.120550402426015353e+02 -8.851931375200638286e+01 -4.376769833414982713e+01 0.000000000000000000e+00
