0.000000000000000000e+00 1.660322277548799775e+03 1.725531948411072790e+03 1.767012282180959573e+03 3.319584513731474999e+03 3.384147170243026721e+03 3.426909566213289054e+03 3.447218938604420600e+03 3.491435666065383430e+03 3.527234617015104504e+03
-1.660322277548799775e+03 0.000000000000000000e+00 6.520967086227301479e+01 1.066900046321597983e+02 1.659262236182675224e+03 1.723824892694226946e+03 1.766587288664489279e+03 1.786896661055620825e+03 1.831113388516583655e+03 1.866912339466304729e+03
-1.725531948411072790e+03 -6.520967086227301479e+01 0.000000000000000000e+00 4.148033376988678356e+01 1.594052565320402209e+03 1.658615221831953932e+03 1.701377617802216264e+03 1.721686990193347810e+03 1.765903717654310640e+03 1.801702668604031714e+03
-1.767012282180959573e+03 -1.066900046321597983e+02 -4.148033376988678356e+01 0.000000000000000000e+00 1.552572231550515426e+03 1.617134888062067148e+03 1.659897284032329480e+03 1.680206656423461027e+03 1.724423383884423856e+03 1.760222334834144931e+03
-3.319584513731474999e+03 -1.659262236182675224e+03 -1.594052565320402209e+03 -1.552572231550515426e+03 0.000000000000000000e+00 6.456265651155172236e+01 1.073250524818140548e+02 1.276344248729456012e+02 1.718511523339084306e+02 2.076501032836295053e+02
-3.384147170243026721e+03 -1.723824892694226946e+03 -1.658615221831953932e+03 -1.617134888062067148e+03 -6.456265651155172236e+01 0.000000000000000000e+00 4.276239597026233241e+01 6.307176836139387888e+01 1.072884958223567082e+02 1.430874467720777830e+02
-3.426909566213289054e+03 -1.766587288664489279e+03 -1.701377617802216264e+03 -1.659897284032329480e+03 -1.073250524818140548e+02 -4.276239597026233241e+01 0.000000000000000000e+00 2.030937239113154646e+01 6.452609985209437582e+01 1.003250508018154505e+02
-3.447218938604420600e+03 -1.786896661055620825e+03 -1.721686990193347810e+03 -1.680206656423461027e+03 -1.276344248729456012e+02 -6.307176836139387888e+01 -2.030937239113154646e+01 0.000000000000000000e+00 4.421672746096282935e+01 8.001567841068390408e+01
-3.491435666065383430e+03 -1.831113388516583655e+03 -1.765903717654310640e+03 -1.724423383884423856e+03 -1.718511523339084306e+02 -1.072884958223567082e+02 -6.452609985209437582e+01 -4.421672746096282935e+01 0.000000000000000000e+00 3.579895094972107472e+01
-3.527234617015104504e+03 -1.866912339466304729e+03 -1.801702668604031714e+03 -1.760222334834144931e+03 -2.076501032836295053e+02 -1.430874467720777830e+02 -1.003250508018154505e+02 -8.001567841068390408e+01 -3.579895094972107472e+01 0.000000000000000000e+00
