0.000000000000000000e+00 1.785906350479149296e+03 1.801505849067368672e+03 3.571462666233474465e+03 3.586960963264019938e+03 3.602673243302690480e+03
-1.785906350479149296e+03 0.000000000000000000e+00 1.559949858821937596e+01 1.785556315754325169e+03 1.801054612784870642e+03 1.816766892823541184e+03
-1.801505849067368672e+03 -1.559949858821937596e+01 0.000000000000000000e+00 1.769956817166105793e+03 1.785455114196651266e+03 1.801167394235321808e+03
-3.571462666233474465e+03 -1.785556315754325169e+03 -1.769956817166105793e+03 0.000000000000000000e+00 1.549829703054547281e+01 3.121057706921601493e+01
-3.586960963264019938e+03 -1.801054612784870642e+03 -1.785455114196651266e+03 -1.549829703054547281e+01 0.000000000000000000e+00 1.571228003867054213e+01
-3.602673243302690480e+03 -1.816766892823541184e+03 -1.801167394235321808e+03 -3.121057706921601493e+01 -1.571228003867054213e+01 0.000000000000000000e+00
