0.000000000000000000e+00 1.776154732037357462e+03 1.792296930451826483e+03 3.544656811725501029e+03 3.562239494892339280e+03 3.580356162575691997e+03
-1.776154732037357462e+03 0.000000000000000000e+00 1.614219841446902137e+01 1.768502079688143567e+03 1.786084762854981818e+03 1.804201430538334535e+03
-1.792296930451826483e+03 -1.614219841446902137e+01 0.000000000000000000e+00 1.752359881273674546e+03 1.769942564440512797e+03 1.788059232123865513e+03
-3.544656811725501029e+03 -1.768502079688143567e+03 -1.752359881273674546e+03 0.000000000000000000e+00 1.758268316683825105e+01 3.569935085019096732e+01
-3.562239494892339280e+03 -1.786084762854981818e+03 -1.769942564440512797e+03 -1.758268316683825105e+01 0.000000000000000000e+00 1.811666768335271627e+01
-3.580356162575691997e+03 -1.804201430538334535e+03 -1.788059232123865513e+03 -3.569935085019096732e+01 -1.811666768335271627e+01 0.000000000000000000e+00
