0.000000000000000000e+00 1.776154732037386566e+03 1.792296930451870139e+03 3.544656811725457374e+03 3.562239494892339280e+03 3.580356162575691997e+03
-1.776154732037386566e+03 0.000000000000000000e+00 1.614219841448357329e+01 1.768502079688070808e+03 1.786084762854952714e+03 1.804201430538305431e+03
-1.792296930451870139e+03 -1.614219841448357329e+01 0.000000000000000000e+00 1.752359881273587234e+03 1.769942564440469141e+03 1.788059232123821857e+03
-3.544656811725457374e+03 -1.768502079688070808e+03 -1.752359881273587234e+03 0.000000000000000000e+00 1.758268316688190680e+01 3.569935085023462307e+01
-3.562239494892339280e+03 -1.786084762854952714e+03 -1.769942564440469141e+03 -1.758268316688190680e+01 0.000000000000000000e+00 1.811666768335271627e+01
-3.580356162575691997e+03 -1.804201430538305431e+03 -1.788059232123821857e+03 -3.569935085023462307e+01 -1.811666768335271627e+01 0.000000000000000000e+00
