0.000000000000000000e+00 1.785906350479153616e+03 1.801505849067371628e+03 3.571462666233474010e+03 3.586960963264019483e+03 3.602673243302690025e+03
-1.785906350479153616e+03 0.000000000000000000e+00 1.559949858821801172e+01 1.785556315754320622e+03 1.801054612784866094e+03 1.816766892823536637e+03
-1.801505849067371628e+03 -1.559949858821801172e+01 0.000000000000000000e+00 1.769956817166102610e+03 1.785455114196648083e+03 1.801167394235318625e+03
-3.571462666233474010e+03 -1.785556315754320622e+03 -1.769956817166102610e+03 0.000000000000000000e+00 1.549829703054547281e+01 3.121057706921601493e+01
-3.586960963264019483e+03 -1.801054612784866094e+03 -1.785455114196648083e+03 -1.549829703054547281e+01 0.000000000000000000e+00 1.571228003867054213e+01
-3.602673243302690025e+03 -1.816766892823536637e+03 -1.801167394235318625e+03 -3.121057706921601493e+01 -1.571228003867054213e+01 0.000000000000000000e+00
