0.000000000000000000e+00 1.751236314401336131e+03 1.753306063377043756e+03 3.496961478264107427e+03 3.497352234109981509e+03 3.504583604497929628e+03
-1.751236314401336131e+03 0.000000000000000000e+00 2.069748975707625505e+00 1.745725163862771296e+03 1.746115919708645379e+03 1.753347290096593497e+03
-1.753306063377043756e+03 -2.069748975707625505e+00 0.000000000000000000e+00 1.743655414887063671e+03 1.744046170732937753e+03 1.751277541120885871e+03
-3.496961478264107427e+03 -1.745725163862771296e+03 -1.743655414887063671e+03 0.000000000000000000e+00 3.907558458740822971e-01 7.622126233822200447e+00
-3.497352234109981509e+03 -1.746115919708645379e+03 -1.744046170732937753e+03 -3.907558458740822971e-01 0.000000000000000000e+00 7.231370387948118150e+00
-3.504583604497929628e+03 -1.753347290096593497e+03 -1.751277541120885871e+03 -7.622126233822200447e+00 -7.231370387948118150e+00 0.000000000000000000e+00
