0.000000000000000000e+00 1.757774435021216277e+03 1.760280631241748097e+03 3.515256368359696353e+03 3.517516255561488833e+03 3.520300363584054139e+03
-1.757774435021216277e+03 0.000000000000000000e+00 2.506196220531819563e+00 1.757481933338479848e+03 1.759741820540272329e+03 1.762525928562837635e+03
-1.760280631241748097e+03 -2.506196220531819563e+00 0.000000000000000000e+00 1.754975737117948029e+03 1.757235624319740509e+03 1.760019732342305815e+03
-3.515256368359696353e+03 -1.757481933338479848e+03 -1.754975737117948029e+03 0.000000000000000000e+00 2.259887201792480482e+00 5.043995224357786356e+00
-3.517516255561488833e+03 -1.759741820540272329e+03 -1.757235624319740509e+03 -2.259887201792480482e+00 0.000000000000000000e+00 2.784108022565305873e+00
-3.520300363584054139e+03 -1.762525928562837635e+03 -1.760019732342305815e+03 -5.043995224357786356e+00 -2.784108022565305873e+00 0.000000000000000000e+00
