0.000000000000000000e+00 1.038670908808708191e+02 1.682214290052652359e+02 1.926805157139897346e+02 4.175302966162562370e+02 4.384469135850667953e+02 4.499333882629871368e+02 5.125163507461547852e+02 5.391890429854393005e+02 5.646987904980778694e+02 7.613885219320654869e+02 7.767412717789411545e+02 7.898240182101726532e+02 8.116997051388025284e+02 9.164620412141084671e+02 9.738027654439210892e+02 1.016562348067760468e+03 1.052399515397846699e+03 1.133200301781296730e+03 1.216469057999551296e+03 1.249771493941545486e+03 1.294353111803531647e+03 1.314971674412488937e+03 1.341566221788525581e+03 1.354341864570975304e+03 1.428871972016990185e+03 1.436870656363666058e+03 1.464753642402589321e+03 1.495278374776244164e+03 1.801476496361196041e+03 1.805819283939898014e+03 2.800736017458140850e+03 2.802570191808044910e+03 2.909296638399362564e+03 2.911017368927598000e+03 3.350165586441755295e+03 3.353772648796439171e+03
-1.038670908808708191e+02 0.000000000000000000e+00 6.435433812439441681e+01 8.881342483311891556e+01 3.136632057353854179e+02 3.345798227041959763e+02 3.460662973821163177e+02 4.086492598652839661e+02 4.353219521045684814e+02 4.608316996172070503e+02 6.575214310511946678e+02 6.728741808980703354e+02 6.859569273293018341e+02 7.078326142579317093e+02 8.125949503332376480e+02 8.699356745630502701e+02 9.126952571868896484e+02 9.485324245169758797e+02 1.029333210900425911e+03 1.112601967118680477e+03 1.145904403060674667e+03 1.190486020922660828e+03 1.211104583531618118e+03 1.237699130907654762e+03 1.250474773690104485e+03 1.325004881136119366e+03 1.333003565482795238e+03 1.360886551521718502e+03 1.391411283895373344e+03 1.697609405480325222e+03 1.701952193059027195e+03 2.696868926577270031e+03 2.698703100927174091e+03 2.805429547518491745e+03 2.807150278046727180e+03 3.246298495560884476e+03 3.249905557915568352e+03
-1.682214290052652359e+02 -6.435433812439441681e+01 0.000000000000000000e+00 2.445908670872449875e+01 2.493088676109910011e+02 2.702254845798015594e+02 2.817119592577219009e+02 3.442949217408895493e+02 3.709676139801740646e+02 3.964773614928126335e+02 5.931670929268002510e+02 6.085198427736759186e+02 6.216025892049074173e+02 6.434782761335372925e+02 7.482406122088432312e+02 8.055813364386558533e+02 8.483409190624952316e+02 8.841780863925814629e+02 9.649788727760314941e+02 1.048247628994286060e+03 1.081550064936280251e+03 1.126131682798266411e+03 1.146750245407223701e+03 1.173344792783260345e+03 1.186120435565710068e+03 1.260650543011724949e+03 1.268649227358400822e+03 1.296532213397324085e+03 1.327056945770978928e+03 1.633255067355930805e+03 1.637597854934632778e+03 2.632514588452875614e+03 2.634348762802779675e+03 2.741075209394097328e+03 2.742795939922332764e+03 3.181944157436490059e+03 3.185551219791173935e+03
-1.926805157139897346e+02 -8.881342483311891556e+01 -2.445908670872449875e+01 0.000000000000000000e+00 2.248497809022665024e+02 2.457663978710770607e+02 2.572528725489974022e+02 3.198358350321650505e+02 3.465085272714495659e+02 3.720182747840881348e+02 5.687080062180757523e+02 5.840607560649514198e+02 5.971435024961829185e+02 6.190191894248127937e+02 7.237815255001187325e+02 7.811222497299313545e+02 8.238818323537707329e+02 8.597189996838569641e+02 9.405197860673069954e+02 1.023788542285561562e+03 1.057090978227555752e+03 1.101672596089541912e+03 1.122291158698499203e+03 1.148885706074535847e+03 1.161661348856985569e+03 1.236191456303000450e+03 1.244190140649676323e+03 1.272073126688599586e+03 1.302597859062254429e+03 1.608795980647206306e+03 1.613138768225908279e+03 2.608055501744151115e+03 2.609889676094055176e+03 2.716616122685372829e+03 2.718336853213608265e+03 3.157485070727765560e+03 3.161092133082449436e+03
-4.175302966162562370e+02 -3.136632057353854179e+02 -2.493088676109910011e+02 -2.248497809022665024e+02 0.000000000000000000e+00 2.091661696881055832e+01 3.240309164673089981e+01 9.498605412989854813e+01 1.216587463691830635e+02 1.471684938818216324e+02 3.438582253158092499e+02 3.592109751626849174e+02 3.722937215939164162e+02 3.941694085225462914e+02 4.989317445978522301e+02 5.562724688276648521e+02 5.990320514515042305e+02 6.348692187815904617e+02 7.156700051650404930e+02 7.989387613832950592e+02 8.322411973252892494e+02 8.768228151872754097e+02 8.974413777962327003e+02 9.240359251722693443e+02 9.368115679547190666e+02 1.011341675400733948e+03 1.019340359747409821e+03 1.047223345786333084e+03 1.077748078159987926e+03 1.383946199744939804e+03 1.388288987323641777e+03 2.383205720841884613e+03 2.385039895191788673e+03 2.491766341783106327e+03 2.493487072311341763e+03 2.932635289825499058e+03 2.936242352180182934e+03
-4.384469135850667953e+02 -3.345798227041959763e+02 -2.702254845798015594e+02 -2.457663978710770607e+02 -2.091661696881055832e+01 0.000000000000000000e+00 1.148647467792034149e+01 7.406943716108798981e+01 1.007421294003725052e+02 1.262518769130110741e+02 3.229416083469986916e+02 3.382943581938743591e+02 3.513771046251058578e+02 3.732527915537357330e+02 4.780151276290416718e+02 5.353558518588542938e+02 5.781154344826936722e+02 6.139526018127799034e+02 6.947533881962299347e+02 7.780221444144845009e+02 8.113245803564786911e+02 8.559061982184648514e+02 8.765247608274221420e+02 9.031193082034587860e+02 9.158949509859085083e+02 9.904250584319233894e+02 9.984237427785992622e+02 1.026306728817522526e+03 1.056831461191177368e+03 1.363029582776129246e+03 1.367372370354831219e+03 2.362289103873074055e+03 2.364123278222978115e+03 2.470849724814295769e+03 2.472570455342531204e+03 2.911718672856688499e+03 2.915325735211372375e+03
-4.499333882629871368e+02 -3.460662973821163177e+02 -2.817119592577219009e+02 -2.572528725489974022e+02 -3.240309164673089981e+01 -1.148647467792034149e+01 0.000000000000000000e+00 6.258296248316764832e+01 8.925565472245216370e+01 1.147654022350907326e+02 3.114551336690783501e+02 3.268078835159540176e+02 3.398906299471855164e+02 3.617663168758153915e+02 4.665286529511213303e+02 5.238693771809339523e+02 5.666289598047733307e+02 6.024661271348595619e+02 6.832669135183095932e+02 7.665356697365641594e+02 7.998381056785583496e+02 8.444197235405445099e+02 8.650382861495018005e+02 8.916328335255384445e+02 9.044084763079881668e+02 9.789385837540030479e+02 9.869372681006789207e+02 1.014820254139602184e+03 1.045344986513257027e+03 1.351543108098208904e+03 1.355885895676910877e+03 2.350802629195153713e+03 2.352636803545057774e+03 2.459363250136375427e+03 2.461083980664610863e+03 2.900232198178768158e+03 2.903839260533452034e+03
-5.125163507461547852e+02 -4.086492598652839661e+02 -3.442949217408895493e+02 -3.198358350321650505e+02 -9.498605412989854813e+01 -7.406943716108798981e+01 -6.258296248316764832e+01 0.000000000000000000e+00 2.667269223928451538e+01 5.218243975192308426e+01 2.488721711859107018e+02 2.642249210327863693e+02 2.773076674640178680e+02 2.991833543926477432e+02 4.039456904679536819e+02 4.612864146977663040e+02 5.040459973216056824e+02 5.398831646516919136e+02 6.206839510351419449e+02 7.039527072533965111e+02 7.372551431953907013e+02 7.818367610573768616e+02 8.024553236663341522e+02 8.290498710423707962e+02 8.418255138248205185e+02 9.163556212708353996e+02 9.243543056175112724e+02 9.522372916564345360e+02 9.827620240300893784e+02 1.288960145615041256e+03 1.293302933193743229e+03 2.288219666711986065e+03 2.290053841061890125e+03 2.396780287653207779e+03 2.398501018181443214e+03 2.837649235695600510e+03 2.841256298050284386e+03
-5.391890429854393005e+02 -4.353219521045684814e+02 -3.709676139801740646e+02 -3.465085272714495659e+02 -1.216587463691830635e+02 -1.007421294003725052e+02 -8.925565472245216370e+01 -2.667269223928451538e+01 0.000000000000000000e+00 2.550974751263856888e+01 2.221994789466261864e+02 2.375522287935018539e+02 2.506349752247333527e+02 2.725106621533632278e+02 3.772729982286691666e+02 4.346137224584817886e+02 4.773733050823211670e+02 5.132104724124073982e+02 5.940112587958574295e+02 6.772800150141119957e+02 7.105824509561061859e+02 7.551640688180923462e+02 7.757826314270496368e+02 8.023771788030862808e+02 8.151528215855360031e+02 8.896829290315508842e+02 8.976816133782267570e+02 9.255645994171500206e+02 9.560893317908048630e+02 1.262287453375756741e+03 1.266630240954458714e+03 2.261546974472701550e+03 2.263381148822605610e+03 2.370107595413923264e+03 2.371828325942158699e+03 2.810976543456315994e+03 2.814583605810999870e+03
-5.646987904980778694e+02 -4.608316996172070503e+02 -3.964773614928126335e+02 -3.720182747840881348e+02 -1.471684938818216324e+02 -1.262518769130110741e+02 -1.147654022350907326e+02 -5.218243975192308426e+01 -2.550974751263856888e+01 0.000000000000000000e+00 1.966897314339876175e+02 2.120424812808632851e+02 2.251252277120947838e+02 2.470009146407246590e+02 3.517632507160305977e+02 4.091039749458432198e+02 4.518635575696825981e+02 4.877007248997688293e+02 5.685015112832188606e+02 6.517702675014734268e+02 6.850727034434676170e+02 7.296543213054537773e+02 7.502728839144110680e+02 7.768674312904477119e+02 7.896430740728974342e+02 8.641731815189123154e+02 8.721718658655881882e+02 9.000548519045114517e+02 9.305795842781662941e+02 1.236777705863118172e+03 1.241120493441820145e+03 2.236037226960062981e+03 2.237871401309967041e+03 2.344597847901284695e+03 2.346318578429520130e+03 2.785466795943677425e+03 2.789073858298361301e+03
-7.613885219320654869e+02 -6.575214310511946678e+02 -5.931670929268002510e+02 -5.687080062180757523e+02 -3.438582253158092499e+02 -3.229416083469986916e+02 -3.114551336690783501e+02 -2.488721711859107018e+02 -2.221994789466261864e+02 -1.966897314339876175e+02 0.000000000000000000e+00 1.535274984687566757e+01 2.843549627810716629e+01 5.031118320673704147e+01 1.550735192820429802e+02 2.124142435118556023e+02 2.551738261356949806e+02 2.910109934657812119e+02 3.718117798492312431e+02 4.550805360674858093e+02 4.883829720094799995e+02 5.329645898714661598e+02 5.535831524804234505e+02 5.801776998564600945e+02 5.929533426389098167e+02 6.674834500849246979e+02 6.754821344316005707e+02 7.033651204705238342e+02 7.338898528441786766e+02 1.040087974429130554e+03 1.044430762007832527e+03 2.039347495526075363e+03 2.041181669875979424e+03 2.147908116467297077e+03 2.149628846995532513e+03 2.588777064509689808e+03 2.592384126864373684e+03
-7.767412717789411545e+02 -6.728741808980703354e+02 -6.085198427736759186e+02 -5.840607560649514198e+02 -3.592109751626849174e+02 -3.382943581938743591e+02 -3.268078835159540176e+02 -2.642249210327863693e+02 -2.375522287935018539e+02 -2.120424812808632851e+02 -1.535274984687566757e+01 0.000000000000000000e+00 1.308274643123149872e+01 3.495843335986137390e+01 1.397207694351673126e+02 1.970614936649799347e+02 2.398210762888193130e+02 2.756582436189055443e+02 3.564590300023555756e+02 4.397277862206101418e+02 4.730302221626043320e+02 5.176118400245904922e+02 5.382304026335477829e+02 5.648249500095844269e+02 5.776005927920341492e+02 6.521307002380490303e+02 6.601293845847249031e+02 6.880123706236481667e+02 7.185371029973030090e+02 1.024735224582254887e+03 1.029078012160956860e+03 2.023994745679199696e+03 2.025828920029103756e+03 2.132555366620421410e+03 2.134276097148656845e+03 2.573424314662814140e+03 2.577031377017498016e+03
-7.898240182101726532e+02 -6.859569273293018341e+02 -6.216025892049074173e+02 -5.971435024961829185e+02 -3.722937215939164162e+02 -3.513771046251058578e+02 -3.398906299471855164e+02 -2.773076674640178680e+02 -2.506349752247333527e+02 -2.251252277120947838e+02 -2.843549627810716629e+01 -1.308274643123149872e+01 0.000000000000000000e+00 2.187568692862987518e+01 1.266380230039358139e+02 1.839787472337484360e+02 2.267383298575878143e+02 2.625754971876740456e+02 3.433762835711240768e+02 4.266450397893786430e+02 4.599474757313728333e+02 5.045290935933589935e+02 5.251476562023162842e+02 5.517422035783529282e+02 5.645178463608026505e+02 6.390479538068175316e+02 6.470466381534934044e+02 6.749296241924166679e+02 7.054543565660715103e+02 1.011652478151023388e+03 1.015995265729725361e+03 2.010911999247968197e+03 2.012746173597872257e+03 2.119472620189189911e+03 2.121193350717425346e+03 2.560341568231582642e+03 2.563948630586266518e+03
-8.116997051388025284e+02 -7.078326142579317093e+02 -6.434782761335372925e+02 -6.190191894248127937e+02 -3.941694085225462914e+02 -3.732527915537357330e+02 -3.617663168758153915e+02 -2.991833543926477432e+02 -2.725106621533632278e+02 -2.470009146407246590e+02 -5.031118320673704147e+01 -3.495843335986137390e+01 -2.187568692862987518e+01 0.000000000000000000e+00 1.047623360753059387e+02 1.621030603051185608e+02 2.048626429289579391e+02 2.406998102590441704e+02 3.215005966424942017e+02 4.047693528607487679e+02 4.380717888027429581e+02 4.826534066647291183e+02 5.032719692736864090e+02 5.298665166497230530e+02 5.426421594321727753e+02 6.171722668781876564e+02 6.251709512248635292e+02 6.530539372637867928e+02 6.835786696374416351e+02 9.897767912223935127e+02 9.941195788010954857e+02 1.989036312319338322e+03 1.990870486669242382e+03 2.097596933260560036e+03 2.099317663788795471e+03 2.538465881302952766e+03 2.542072943657636642e+03
-9.164620412141084671e+02 -8.125949503332376480e+02 -7.482406122088432312e+02 -7.237815255001187325e+02 -4.989317445978522301e+02 -4.780151276290416718e+02 -4.665286529511213303e+02 -4.039456904679536819e+02 -3.772729982286691666e+02 -3.517632507160305977e+02 -1.550735192820429802e+02 -1.397207694351673126e+02 -1.266380230039358139e+02 -1.047623360753059387e+02 0.000000000000000000e+00 5.734072422981262207e+01 1.001003068536520004e+02 1.359374741837382317e+02 2.167382605671882629e+02 3.000070167854428291e+02 3.333094527274370193e+02 3.778910705894231796e+02 3.985096331983804703e+02 4.251041805744171143e+02 4.378798233568668365e+02 5.124099308028817177e+02 5.204086151495575905e+02 5.482916011884808540e+02 5.788163335621356964e+02 8.850144551470875740e+02 8.893572427257895470e+02 1.884273976244032383e+03 1.886108150593936443e+03 1.992834597185254097e+03 1.994555327713489532e+03 2.433703545227646828e+03 2.437310607582330704e+03
-9.738027654439210892e+02 -8.699356745630502701e+02 -8.055813364386558533e+02 -7.811222497299313545e+02 -5.562724688276648521e+02 -5.353558518588542938e+02 -5.238693771809339523e+02 -4.612864146977663040e+02 -4.346137224584817886e+02 -4.091039749458432198e+02 -2.124142435118556023e+02 -1.970614936649799347e+02 -1.839787472337484360e+02 -1.621030603051185608e+02 -5.734072422981262207e+01 0.000000000000000000e+00 4.275958262383937836e+01 7.859674995392560959e+01 1.593975363373756409e+02 2.426662925556302071e+02 2.759687284976243973e+02 3.205503463596105576e+02 3.411689089685678482e+02 3.677634563446044922e+02 3.805390991270542145e+02 4.550692065730690956e+02 4.630678909197449684e+02 4.909508769586682320e+02 5.214756093323230743e+02 8.276737309172749519e+02 8.320165184959769249e+02 1.826933252014219761e+03 1.828767426364123821e+03 1.935493872955441475e+03 1.937214603483676910e+03 2.376362820997834206e+03 2.379969883352518082e+03
-1.016562348067760468e+03 -9.126952571868896484e+02 -8.483409190624952316e+02 -8.238818323537707329e+02 -5.990320514515042305e+02 -5.781154344826936722e+02 -5.666289598047733307e+02 -5.040459973216056824e+02 -4.773733050823211670e+02 -4.518635575696825981e+02 -2.551738261356949806e+02 -2.398210762888193130e+02 -2.267383298575878143e+02 -2.048626429289579391e+02 -1.001003068536520004e+02 -4.275958262383937836e+01 0.000000000000000000e+00 3.583716733008623123e+01 1.166379537135362625e+02 1.999067099317908287e+02 2.332091458737850189e+02 2.777907637357711792e+02 2.984093263447284698e+02 3.250038737207651138e+02 3.377795165032148361e+02 4.123096239492297173e+02 4.203083082959055901e+02 4.481912943348288536e+02 4.787160267084836960e+02 7.849141482934355736e+02 7.892569358721375465e+02 1.784173669390380383e+03 1.786007843740284443e+03 1.892734290331602097e+03 1.894455020859837532e+03 2.333603238373994827e+03 2.337210300728678703e+03
-1.052399515397846699e+03 -9.485324245169758797e+02 -8.841780863925814629e+02 -8.597189996838569641e+02 -6.348692187815904617e+02 -6.139526018127799034e+02 -6.024661271348595619e+02 -5.398831646516919136e+02 -5.132104724124073982e+02 -4.877007248997688293e+02 -2.910109934657812119e+02 -2.756582436189055443e+02 -2.625754971876740456e+02 -2.406998102590441704e+02 -1.359374741837382317e+02 -7.859674995392560959e+01 -3.583716733008623123e+01 0.000000000000000000e+00 8.080078638345003128e+01 1.640695426017045975e+02 1.973719785436987877e+02 2.419535964056849480e+02 2.625721590146422386e+02 2.891667063906788826e+02 3.019423491731286049e+02 3.764724566191434860e+02 3.844711409658193588e+02 4.123541270047426224e+02 4.428788593783974648e+02 7.490769809633493423e+02 7.534197685420513153e+02 1.748336502060294151e+03 1.750170676410198212e+03 1.856897123001515865e+03 1.858617853529751301e+03 2.297766071043908596e+03 2.301373133398592472e+03
-1.133200301781296730e+03 -1.029333210900425911e+03 -9.649788727760314941e+02 -9.405197860673069954e+02 -7.156700051650404930e+02 -6.947533881962299347e+02 -6.832669135183095932e+02 -6.206839510351419449e+02 -5.940112587958574295e+02 -5.685015112832188606e+02 -3.718117798492312431e+02 -3.564590300023555756e+02 -3.433762835711240768e+02 -3.215005966424942017e+02 -2.167382605671882629e+02 -1.593975363373756409e+02 -1.166379537135362625e+02 -8.080078638345003128e+01 0.000000000000000000e+00 8.326875621825456619e+01 1.165711921602487564e+02 1.611528100222349167e+02 1.817713726311922073e+02 2.083659200072288513e+02 2.211415627896785736e+02 2.956716702356934547e+02 3.036703545823693275e+02 3.315533406212925911e+02 3.620780729949474335e+02 6.682761945798993111e+02 6.726189821586012840e+02 1.667535715676844120e+03 1.669369890026748180e+03 1.776096336618065834e+03 1.777817067146301270e+03 2.216965284660458565e+03 2.220572347015142441e+03
-1.216469057999551296e+03 -1.112601967118680477e+03 -1.048247628994286060e+03 -1.023788542285561562e+03 -7.989387613832950592e+02 -7.780221444144845009e+02 -7.665356697365641594e+02 -7.039527072533965111e+02 -6.772800150141119957e+02 -6.517702675014734268e+02 -4.550805360674858093e+02 -4.397277862206101418e+02 -4.266450397893786430e+02 -4.047693528607487679e+02 -3.000070167854428291e+02 -2.426662925556302071e+02 -1.999067099317908287e+02 -1.640695426017045975e+02 -8.326875621825456619e+01 0.000000000000000000e+00 3.330243594199419022e+01 7.788405380398035049e+01 9.850261641293764114e+01 1.250971637889742851e+02 1.378728065714240074e+02 2.124029140174388885e+02 2.204015983641147614e+02 2.482845844030380249e+02 2.788093167766928673e+02 5.850074383616447449e+02 5.893502259403467178e+02 1.584266959458589554e+03 1.586101133808493614e+03 1.692827580399811268e+03 1.694548310928046703e+03 2.133696528442203999e+03 2.137303590796887875e+03
-1.249771493941545486e+03 -1.145904403060674667e+03 -1.081550064936280251e+03 -1.057090978227555752e+03 -8.322411973252892494e+02 -8.113245803564786911e+02 -7.998381056785583496e+02 -7.372551431953907013e+02 -7.105824509561061859e+02 -6.850727034434676170e+02 -4.883829720094799995e+02 -4.730302221626043320e+02 -4.599474757313728333e+02 -4.380717888027429581e+02 -3.333094527274370193e+02 -2.759687284976243973e+02 -2.332091458737850189e+02 -1.973719785436987877e+02 -1.165711921602487564e+02 -3.330243594199419022e+01 0.000000000000000000e+00 4.458161786198616028e+01 6.520018047094345093e+01 9.179472784698009491e+01 1.045703706294298172e+02 1.791004780754446983e+02 1.870991624221205711e+02 2.149821484610438347e+02 2.455068808346986771e+02 5.517050024196505547e+02 5.560477899983525276e+02 1.550964523516595364e+03 1.552798697866499424e+03 1.659525144457817078e+03 1.661245874986052513e+03 2.100394092500209808e+03 2.104001154854893684e+03
-1.294353111803531647e+03 -1.190486020922660828e+03 -1.126131682798266411e+03 -1.101672596089541912e+03 -8.768228151872754097e+02 -8.559061982184648514e+02 -8.444197235405445099e+02 -7.818367610573768616e+02 -7.551640688180923462e+02 -7.296543213054537773e+02 -5.329645898714661598e+02 -5.176118400245904922e+02 -5.045290935933589935e+02 -4.826534066647291183e+02 -3.778910705894231796e+02 -3.205503463596105576e+02 -2.777907637357711792e+02 -2.419535964056849480e+02 -1.611528100222349167e+02 -7.788405380398035049e+01 -4.458161786198616028e+01 0.000000000000000000e+00 2.061856260895729065e+01 4.721310998499393463e+01 5.998875276744365692e+01 1.345188602134585381e+02 1.425175445601344109e+02 1.704005305990576744e+02 2.009252629727125168e+02 5.071233845576643944e+02 5.114661721363663673e+02 1.506382905654609203e+03 1.508217080004513264e+03 1.614943526595830917e+03 1.616664257124066353e+03 2.055812474638223648e+03 2.059419536992907524e+03
-1.314971674412488937e+03 -1.211104583531618118e+03 -1.146750245407223701e+03 -1.122291158698499203e+03 -8.974413777962327003e+02 -8.765247608274221420e+02 -8.650382861495018005e+02 -8.024553236663341522e+02 -7.757826314270496368e+02 -7.502728839144110680e+02 -5.535831524804234505e+02 -5.382304026335477829e+02 -5.251476562023162842e+02 -5.032719692736864090e+02 -3.985096331983804703e+02 -3.411689089685678482e+02 -2.984093263447284698e+02 -2.625721590146422386e+02 -1.817713726311922073e+02 -9.850261641293764114e+01 -6.520018047094345093e+01 -2.061856260895729065e+01 0.000000000000000000e+00 2.659454737603664398e+01 3.937019015848636627e+01 1.139002976045012474e+02 1.218989819511771202e+02 1.497819679901003838e+02 1.803067003637552261e+02 4.865048219487071037e+02 4.908476095274090767e+02 1.485764343045651913e+03 1.487598517395555973e+03 1.594324963986873627e+03 1.596045694515109062e+03 2.035193912029266357e+03 2.038800974383950233e+03
-1.341566221788525581e+03 -1.237699130907654762e+03 -1.173344792783260345e+03 -1.148885706074535847e+03 -9.240359251722693443e+02 -9.031193082034587860e+02 -8.916328335255384445e+02 -8.290498710423707962e+02 -8.023771788030862808e+02 -7.768674312904477119e+02 -5.801776998564600945e+02 -5.648249500095844269e+02 -5.517422035783529282e+02 -5.298665166497230530e+02 -4.251041805744171143e+02 -3.677634563446044922e+02 -3.250038737207651138e+02 -2.891667063906788826e+02 -2.083659200072288513e+02 -1.250971637889742851e+02 -9.179472784698009491e+01 -4.721310998499393463e+01 -2.659454737603664398e+01 0.000000000000000000e+00 1.277564278244972229e+01 8.730575022846460342e+01 9.530443457514047623e+01 1.231874206140637398e+02 1.537121529877185822e+02 4.599102745726704597e+02 4.642530621513724327e+02 1.459169795669615269e+03 1.461003970019519329e+03 1.567730416610836983e+03 1.569451147139072418e+03 2.008599364653229713e+03 2.012206427007913589e+03
-1.354341864570975304e+03 -1.250474773690104485e+03 -1.186120435565710068e+03 -1.161661348856985569e+03 -9.368115679547190666e+02 -9.158949509859085083e+02 -9.044084763079881668e+02 -8.418255138248205185e+02 -8.151528215855360031e+02 -7.896430740728974342e+02 -5.929533426389098167e+02 -5.776005927920341492e+02 -5.645178463608026505e+02 -5.426421594321727753e+02 -4.378798233568668365e+02 -3.805390991270542145e+02 -3.377795165032148361e+02 -3.019423491731286049e+02 -2.211415627896785736e+02 -1.378728065714240074e+02 -1.045703706294298172e+02 -5.998875276744365692e+01 -3.937019015848636627e+01 -1.277564278244972229e+01 0.000000000000000000e+00 7.453010744601488113e+01 8.252879179269075394e+01 1.104117778316140175e+02 1.409365102052688599e+02 4.471346317902207375e+02 4.514774193689227104e+02 1.446394152887165546e+03 1.448228327237069607e+03 1.554954773828387260e+03 1.556675504356622696e+03 1.995823721870779991e+03 1.999430784225463867e+03
-1.428871972016990185e+03 -1.325004881136119366e+03 -1.260650543011724949e+03 -1.236191456303000450e+03 -1.011341675400733948e+03 -9.904250584319233894e+02 -9.789385837540030479e+02 -9.163556212708353996e+02 -8.896829290315508842e+02 -8.641731815189123154e+02 -6.674834500849246979e+02 -6.521307002380490303e+02 -6.390479538068175316e+02 -6.171722668781876564e+02 -5.124099308028817177e+02 -4.550692065730690956e+02 -4.123096239492297173e+02 -3.764724566191434860e+02 -2.956716702356934547e+02 -2.124029140174388885e+02 -1.791004780754446983e+02 -1.345188602134585381e+02 -1.139002976045012474e+02 -8.730575022846460342e+01 -7.453010744601488113e+01 0.000000000000000000e+00 7.998684346675872803e+00 3.588167038559913635e+01 6.640640275925397873e+01 3.726045243442058563e+02 3.769473119229078293e+02 1.371864045441150665e+03 1.373698219791054726e+03 1.480424666382372379e+03 1.482145396910607815e+03 1.921293614424765110e+03 1.924900676779448986e+03
-1.436870656363666058e+03 -1.333003565482795238e+03 -1.268649227358400822e+03 -1.244190140649676323e+03 -1.019340359747409821e+03 -9.984237427785992622e+02 -9.869372681006789207e+02 -9.243543056175112724e+02 -8.976816133782267570e+02 -8.721718658655881882e+02 -6.754821344316005707e+02 -6.601293845847249031e+02 -6.470466381534934044e+02 -6.251709512248635292e+02 -5.204086151495575905e+02 -4.630678909197449684e+02 -4.203083082959055901e+02 -3.844711409658193588e+02 -3.036703545823693275e+02 -2.204015983641147614e+02 -1.870991624221205711e+02 -1.425175445601344109e+02 -1.218989819511771202e+02 -9.530443457514047623e+01 -8.252879179269075394e+01 -7.998684346675872803e+00 0.000000000000000000e+00 2.788298603892326355e+01 5.840771841257810593e+01 3.646058399975299835e+02 3.689486275762319565e+02 1.363865361094474792e+03 1.365699535444378853e+03 1.472425982035696507e+03 1.474146712563931942e+03 1.913294930078089237e+03 1.916901992432773113e+03
-1.464753642402589321e+03 -1.360886551521718502e+03 -1.296532213397324085e+03 -1.272073126688599586e+03 -1.047223345786333084e+03 -1.026306728817522526e+03 -1.014820254139602184e+03 -9.522372916564345360e+02 -9.255645994171500206e+02 -9.000548519045114517e+02 -7.033651204705238342e+02 -6.880123706236481667e+02 -6.749296241924166679e+02 -6.530539372637867928e+02 -5.482916011884808540e+02 -4.909508769586682320e+02 -4.481912943348288536e+02 -4.123541270047426224e+02 -3.315533406212925911e+02 -2.482845844030380249e+02 -2.149821484610438347e+02 -1.704005305990576744e+02 -1.497819679901003838e+02 -1.231874206140637398e+02 -1.104117778316140175e+02 -3.588167038559913635e+01 -2.788298603892326355e+01 0.000000000000000000e+00 3.052473237365484238e+01 3.367228539586067200e+02 3.410656415373086929e+02 1.335982375055551529e+03 1.337816549405455589e+03 1.444542995996773243e+03 1.446263726525008678e+03 1.885411944039165974e+03 1.889019006393849850e+03
-1.495278374776244164e+03 -1.391411283895373344e+03 -1.327056945770978928e+03 -1.302597859062254429e+03 -1.077748078159987926e+03 -1.056831461191177368e+03 -1.045344986513257027e+03 -9.827620240300893784e+02 -9.560893317908048630e+02 -9.305795842781662941e+02 -7.338898528441786766e+02 -7.185371029973030090e+02 -7.054543565660715103e+02 -6.835786696374416351e+02 -5.788163335621356964e+02 -5.214756093323230743e+02 -4.787160267084836960e+02 -4.428788593783974648e+02 -3.620780729949474335e+02 -2.788093167766928673e+02 -2.455068808346986771e+02 -2.009252629727125168e+02 -1.803067003637552261e+02 -1.537121529877185822e+02 -1.409365102052688599e+02 -6.640640275925397873e+01 -5.840771841257810593e+01 -3.052473237365484238e+01 0.000000000000000000e+00 3.061981215849518776e+02 3.105409091636538506e+02 1.305457642681896687e+03 1.307291817031800747e+03 1.414018263623118401e+03 1.415738994151353836e+03 1.854887211665511131e+03 1.858494274020195007e+03
-1.801476496361196041e+03 -1.697609405480325222e+03 -1.633255067355930805e+03 -1.608795980647206306e+03 -1.383946199744939804e+03 -1.363029582776129246e+03 -1.351543108098208904e+03 -1.288960145615041256e+03 -1.262287453375756741e+03 -1.236777705863118172e+03 -1.040087974429130554e+03 -1.024735224582254887e+03 -1.011652478151023388e+03 -9.897767912223935127e+02 -8.850144551470875740e+02 -8.276737309172749519e+02 -7.849141482934355736e+02 -7.490769809633493423e+02 -6.682761945798993111e+02 -5.850074383616447449e+02 -5.517050024196505547e+02 -5.071233845576643944e+02 -4.865048219487071037e+02 -4.599102745726704597e+02 -4.471346317902207375e+02 -3.726045243442058563e+02 -3.646058399975299835e+02 -3.367228539586067200e+02 -3.061981215849518776e+02 0.000000000000000000e+00 4.342787578701972961e+00 9.992595210969448090e+02 1.001093695446848869e+03 1.107820142038166523e+03 1.109540872566401958e+03 1.548689090080559254e+03 1.552296152435243130e+03
-1.805819283939898014e+03 -1.701952193059027195e+03 -1.637597854934632778e+03 -1.613138768225908279e+03 -1.388288987323641777e+03 -1.367372370354831219e+03 -1.355885895676910877e+03 -1.293302933193743229e+03 -1.266630240954458714e+03 -1.241120493441820145e+03 -1.044430762007832527e+03 -1.029078012160956860e+03 -1.015995265729725361e+03 -9.941195788010954857e+02 -8.893572427257895470e+02 -8.320165184959769249e+02 -7.892569358721375465e+02 -7.534197685420513153e+02 -6.726189821586012840e+02 -5.893502259403467178e+02 -5.560477899983525276e+02 -5.114661721363663673e+02 -4.908476095274090767e+02 -4.642530621513724327e+02 -4.514774193689227104e+02 -3.769473119229078293e+02 -3.689486275762319565e+02 -3.410656415373086929e+02 -3.105409091636538506e+02 -4.342787578701972961e+00 0.000000000000000000e+00 9.949167335182428360e+02 9.967509078681468964e+02 1.103477354459464550e+03 1.105198084987699986e+03 1.544346302501857281e+03 1.547953364856541157e+03
-2.800736017458140850e+03 -2.696868926577270031e+03 -2.632514588452875614e+03 -2.608055501744151115e+03 -2.383205720841884613e+03 -2.362289103873074055e+03 -2.350802629195153713e+03 -2.288219666711986065e+03 -2.261546974472701550e+03 -2.236037226960062981e+03 -2.039347495526075363e+03 -2.023994745679199696e+03 -2.010911999247968197e+03 -1.989036312319338322e+03 -1.884273976244032383e+03 -1.826933252014219761e+03 -1.784173669390380383e+03 -1.748336502060294151e+03 -1.667535715676844120e+03 -1.584266959458589554e+03 -1.550964523516595364e+03 -1.506382905654609203e+03 -1.485764343045651913e+03 -1.459169795669615269e+03 -1.446394152887165546e+03 -1.371864045441150665e+03 -1.363865361094474792e+03 -1.335982375055551529e+03 -1.305457642681896687e+03 -9.992595210969448090e+02 -9.949167335182428360e+02 0.000000000000000000e+00 1.834174349904060364e+00 1.085606209412217140e+02 1.102813514694571495e+02 5.494295689836144447e+02 5.530366313382983208e+02
-2.802570191808044910e+03 -2.698703100927174091e+03 -2.634348762802779675e+03 -2.609889676094055176e+03 -2.385039895191788673e+03 -2.364123278222978115e+03 -2.352636803545057774e+03 -2.290053841061890125e+03 -2.263381148822605610e+03 -2.237871401309967041e+03 -2.041181669875979424e+03 -2.025828920029103756e+03 -2.012746173597872257e+03 -1.990870486669242382e+03 -1.886108150593936443e+03 -1.828767426364123821e+03 -1.786007843740284443e+03 -1.750170676410198212e+03 -1.669369890026748180e+03 -1.586101133808493614e+03 -1.552798697866499424e+03 -1.508217080004513264e+03 -1.487598517395555973e+03 -1.461003970019519329e+03 -1.448228327237069607e+03 -1.373698219791054726e+03 -1.365699535444378853e+03 -1.337816549405455589e+03 -1.307291817031800747e+03 -1.001093695446848869e+03 -9.967509078681468964e+02 -1.834174349904060364e+00 0.000000000000000000e+00 1.067264465913176537e+02 1.084471771195530891e+02 5.475953946337103844e+02 5.512024569883942604e+02
-2.909296638399362564e+03 -2.805429547518491745e+03 -2.741075209394097328e+03 -2.716616122685372829e+03 -2.491766341783106327e+03 -2.470849724814295769e+03 -2.459363250136375427e+03 -2.396780287653207779e+03 -2.370107595413923264e+03 -2.344597847901284695e+03 -2.147908116467297077e+03 -2.132555366620421410e+03 -2.119472620189189911e+03 -2.097596933260560036e+03 -1.992834597185254097e+03 -1.935493872955441475e+03 -1.892734290331602097e+03 -1.856897123001515865e+03 -1.776096336618065834e+03 -1.692827580399811268e+03 -1.659525144457817078e+03 -1.614943526595830917e+03 -1.594324963986873627e+03 -1.567730416610836983e+03 -1.554954773828387260e+03 -1.480424666382372379e+03 -1.472425982035696507e+03 -1.444542995996773243e+03 -1.414018263623118401e+03 -1.107820142038166523e+03 -1.103477354459464550e+03 -1.085606209412217140e+02 -1.067264465913176537e+02 0.000000000000000000e+00 1.720730528235435486e+00 4.408689480423927307e+02 4.444760103970766068e+02
-2.911017368927598000e+03 -2.807150278046727180e+03 -2.742795939922332764e+03 -2.718336853213608265e+03 -2.493487072311341763e+03 -2.472570455342531204e+03 -2.461083980664610863e+03 -2.398501018181443214e+03 -2.371828325942158699e+03 -2.346318578429520130e+03 -2.149628846995532513e+03 -2.134276097148656845e+03 -2.121193350717425346e+03 -2.099317663788795471e+03 -1.994555327713489532e+03 -1.937214603483676910e+03 -1.894455020859837532e+03 -1.858617853529751301e+03 -1.777817067146301270e+03 -1.694548310928046703e+03 -1.661245874986052513e+03 -1.616664257124066353e+03 -1.596045694515109062e+03 -1.569451147139072418e+03 -1.556675504356622696e+03 -1.482145396910607815e+03 -1.474146712563931942e+03 -1.446263726525008678e+03 -1.415738994151353836e+03 -1.109540872566401958e+03 -1.105198084987699986e+03 -1.102813514694571495e+02 -1.084471771195530891e+02 -1.720730528235435486e+00 0.000000000000000000e+00 4.391482175141572952e+02 4.427552798688411713e+02
-3.350165586441755295e+03 -3.246298495560884476e+03 -3.181944157436490059e+03 -3.157485070727765560e+03 -2.932635289825499058e+03 -2.911718672856688499e+03 -2.900232198178768158e+03 -2.837649235695600510e+03 -2.810976543456315994e+03 -2.785466795943677425e+03 -2.588777064509689808e+03 -2.573424314662814140e+03 -2.560341568231582642e+03 -2.538465881302952766e+03 -2.433703545227646828e+03 -2.376362820997834206e+03 -2.333603238373994827e+03 -2.297766071043908596e+03 -2.216965284660458565e+03 -2.133696528442203999e+03 -2.100394092500209808e+03 -2.055812474638223648e+03 -2.035193912029266357e+03 -2.008599364653229713e+03 -1.995823721870779991e+03 -1.921293614424765110e+03 -1.913294930078089237e+03 -1.885411944039165974e+03 -1.854887211665511131e+03 -1.548689090080559254e+03 -1.544346302501857281e+03 -5.494295689836144447e+02 -5.475953946337103844e+02 -4.408689480423927307e+02 -4.391482175141572952e+02 0.000000000000000000e+00 3.607062354683876038e+00
-3.353772648796439171e+03 -3.249905557915568352e+03 -3.185551219791173935e+03 -3.161092133082449436e+03 -2.936242352180182934e+03 -2.915325735211372375e+03 -2.903839260533452034e+03 -2.841256298050284386e+03 -2.814583605810999870e+03 -2.789073858298361301e+03 -2.592384126864373684e+03 -2.577031377017498016e+03 -2.563948630586266518e+03 -2.542072943657636642e+03 -2.437310607582330704e+03 -2.379969883352518082e+03 -2.337210300728678703e+03 -2.301373133398592472e+03 -2.220572347015142441e+03 -2.137303590796887875e+03 -2.104001154854893684e+03 -2.059419536992907524e+03 -2.038800974383950233e+03 -2.012206427007913589e+03 -1.999430784225463867e+03 -1.924900676779448986e+03 -1.916901992432773113e+03 -1.889019006393849850e+03 -1.858494274020195007e+03 -1.552296152435243130e+03 -1.547953364856541157e+03 -5.530366313382983208e+02 -5.512024569883942604e+02 -4.444760103970766068e+02 -4.427552798688411713e+02 -3.607062354683876038e+00 0.000000000000000000e+00
