0.000000000000000000e+00 1.674819180678368866e+03 1.738982150449655819e+03 1.770581751530252404e+03 3.349098542605554940e+03 3.413634245500293218e+03 3.445305147374505395e+03 3.477447504585018578e+03 3.509407075291939691e+03 3.540568205613704777e+03
-1.674819180678368866e+03 0.000000000000000000e+00 6.416296977128695289e+01 9.576257085188353813e+01 1.674279361927186073e+03 1.738815064821924352e+03 1.770485966696136529e+03 1.802628323906649712e+03 1.834587894613570825e+03 1.865749024935335910e+03
-1.738982150449655819e+03 -6.416296977128695289e+01 0.000000000000000000e+00 3.159960108059658523e+01 1.610116392155899121e+03 1.674652095050637399e+03 1.706322996924849576e+03 1.738465354135362759e+03 1.770424924842283872e+03 1.801586055164048958e+03
-1.770581751530252404e+03 -9.576257085188353813e+01 -3.159960108059658523e+01 0.000000000000000000e+00 1.578516791075302535e+03 1.643052493970040814e+03 1.674723395844252991e+03 1.706865753054766174e+03 1.738825323761687287e+03 1.769986454083452372e+03
-3.349098542605554940e+03 -1.674279361927186073e+03 -1.610116392155899121e+03 -1.578516791075302535e+03 0.000000000000000000e+00 6.453570289473827870e+01 9.620660476895045576e+01 1.283489619794636383e+02 1.603085326863847513e+02 1.914696630081498370e+02
-3.413634245500293218e+03 -1.738815064821924352e+03 -1.674652095050637399e+03 -1.643052493970040814e+03 -6.453570289473827870e+01 0.000000000000000000e+00 3.167090187421217706e+01 6.381325908472535957e+01 9.577282979164647259e+01 1.269339601134115583e+02
-3.445305147374505395e+03 -1.770485966696136529e+03 -1.706322996924849576e+03 -1.674723395844252991e+03 -9.620660476895045576e+01 -3.167090187421217706e+01 0.000000000000000000e+00 3.214235721051318251e+01 6.410192791743429552e+01 9.526305823919938121e+01
-3.477447504585018578e+03 -1.802628323906649712e+03 -1.738465354135362759e+03 -1.706865753054766174e+03 -1.283489619794636383e+02 -6.381325908472535957e+01 -3.214235721051318251e+01 0.000000000000000000e+00 3.195957070692111301e+01 6.312070102868619870e+01
-3.509407075291939691e+03 -1.834587894613570825e+03 -1.770424924842283872e+03 -1.738825323761687287e+03 -1.603085326863847513e+02 -9.577282979164647259e+01 -6.410192791743429552e+01 -3.195957070692111301e+01 0.000000000000000000e+00 3.116113032176508568e+01
-3.540568205613704777e+03 -1.865749024935335910e+03 -1.801586055164048958e+03 -1.769986454083452372e+03 -1.914696630081498370e+02 -1.269339601134115583e+02 -9.526305823919938121e+01 -6.312070102868619870e+01 -3.116113032176508568e+01 0.000000000000000000e+00
