0.000000000000000000e+00 1.673130011952458972e+03 1.735283736720632533e+03 1.768369194186960613e+03 3.345472365427405293e+03 3.408181368753487277e+03 3.441439237716617299e+03 3.469218058611151264e+03 3.501588124483674164e+03 3.536306711117912982e+03
-1.673130011952458972e+03 0.000000000000000000e+00 6.215372476817356073e+01 9.523918223450164078e+01 1.672342353474946322e+03 1.735051356801028305e+03 1.768309225764158327e+03 1.796088046658692292e+03 1.828458112531215193e+03 1.863176699165454011e+03
-1.735283736720632533e+03 -6.215372476817356073e+01 0.000000000000000000e+00 3.308545746632808005e+01 1.610188628706772761e+03 1.672897632032854744e+03 1.706155500995984767e+03 1.733934321890518731e+03 1.766304387763041632e+03 1.801022974397280450e+03
-1.768369194186960613e+03 -9.523918223450164078e+01 -3.308545746632808005e+01 0.000000000000000000e+00 1.577103171240444681e+03 1.639812174566526664e+03 1.673070043529656687e+03 1.700848864424190651e+03 1.733218930296713552e+03 1.767937516930952370e+03
-3.345472365427405293e+03 -1.672342353474946322e+03 -1.610188628706772761e+03 -1.577103171240444681e+03 0.000000000000000000e+00 6.270900332608198369e+01 9.596687228921200585e+01 1.237456931837459706e+02 1.561157590562688711e+02 1.908343456905076891e+02
-3.408181368753487277e+03 -1.735051356801028305e+03 -1.672897632032854744e+03 -1.639812174566526664e+03 -6.270900332608198369e+01 0.000000000000000000e+00 3.325786896313002217e+01 6.103668985766398691e+01 9.340675573018688738e+01 1.281253423644257055e+02
-3.441439237716617299e+03 -1.768309225764158327e+03 -1.706155500995984767e+03 -1.673070043529656687e+03 -9.596687228921200585e+01 -3.325786896313002217e+01 0.000000000000000000e+00 2.777882089453396475e+01 6.014888676705686521e+01 9.486747340129568329e+01
-3.469218058611151264e+03 -1.796088046658692292e+03 -1.733934321890518731e+03 -1.700848864424190651e+03 -1.237456931837459706e+02 -6.103668985766398691e+01 -2.777882089453396475e+01 0.000000000000000000e+00 3.237006587252290046e+01 6.708865250676171854e+01
-3.501588124483674164e+03 -1.828458112531215193e+03 -1.766304387763041632e+03 -1.733218930296713552e+03 -1.561157590562688711e+02 -9.340675573018688738e+01 -6.014888676705686521e+01 -3.237006587252290046e+01 0.000000000000000000e+00 3.471858663423881808e+01
-3.536306711117912982e+03 -1.863176699165454011e+03 -1.801022974397280450e+03 -1.767937516930952370e+03 -1.908343456905076891e+02 -1.281253423644257055e+02 -9.486747340129568329e+01 -6.708865250676171854e+01 -3.471858663423881808e+01 0.000000000000000000e+00
