0.000000000000000000e+00 1.826643757028442906e+03 1.830297462182279105e+03 3.652991516016269998e+03 3.656373170617832329e+03 3.660322730743068860e+03
-1.826643757028442906e+03 0.000000000000000000e+00 3.653705153836199315e+00 1.826347758987827092e+03 1.829729413589389424e+03 1.833678973714625954e+03
-1.830297462182279105e+03 -3.653705153836199315e+00 0.000000000000000000e+00 1.822694053833990893e+03 1.826075708435553224e+03 1.830025268560789755e+03
-3.652991516016269998e+03 -1.826347758987827092e+03 -1.822694053833990893e+03 0.000000000000000000e+00 3.381654601562331663e+00 7.331214726798862102e+00
-3.656373170617832329e+03 -1.829729413589389424e+03 -1.826075708435553224e+03 -3.381654601562331663e+00 0.000000000000000000e+00 3.949560125236530439e+00
-3.660322730743068860e+03 -1.833678973714625954e+03 -1.830025268560789755e+03 -7.331214726798862102e+00 -3.949560125236530439e+00 0.000000000000000000e+00
