0.000000000000000000e+00 7.947012168910856644e+02 8.051591745747774667e+02 1.589170368146828423e+03 1.599824663666529887e+03 1.610084980246924715e+03
-7.947012168910856644e+02 0.000000000000000000e+00 1.045795768369180223e+01 7.944691512557426449e+02 8.051234467754441084e+02 8.153837633558389371e+02
-8.051591745747774667e+02 -1.045795768369180223e+01 0.000000000000000000e+00 7.840111935720508427e+02 7.946654890917523062e+02 8.049258056721471348e+02
-1.589170368146828423e+03 -7.944691512557426449e+02 -7.840111935720508427e+02 0.000000000000000000e+00 1.065429551970146349e+01 2.091461210009629212e+01
-1.599824663666529887e+03 -8.051234467754441084e+02 -7.946654890917523062e+02 -1.065429551970146349e+01 0.000000000000000000e+00 1.026031658039482863e+01
-1.610084980246924715e+03 -8.153837633558389371e+02 -8.049258056721471348e+02 -2.091461210009629212e+01 -1.026031658039482863e+01 0.000000000000000000e+00
