0.000000000000000000e+00 1.818565445885353256e+03 1.822387996798490349e+03 3.631365897408497403e+03 3.632711417935854115e+03 3.642174304899046547e+03
-1.818565445885353256e+03 0.000000000000000000e+00 3.822550913137092721e+00 1.812800451523144147e+03 1.814145972050500859e+03 1.823608859013693291e+03
-1.822387996798490349e+03 -3.822550913137092721e+00 0.000000000000000000e+00 1.808977900610007055e+03 1.810323421137363766e+03 1.819786308100556198e+03
-3.631365897408497403e+03 -1.812800451523144147e+03 -1.808977900610007055e+03 0.000000000000000000e+00 1.345520527356711682e+00 1.080840749054914340e+01
-3.632711417935854115e+03 -1.814145972050500859e+03 -1.810323421137363766e+03 -1.345520527356711682e+00 0.000000000000000000e+00 9.462886963192431722e+00
-3.642174304899046547e+03 -1.823608859013693291e+03 -1.819786308100556198e+03 -1.080840749054914340e+01 -9.462886963192431722e+00 0.000000000000000000e+00
