0.000000000000000000e+00 1.826643757028439495e+03 1.830297462182275694e+03 3.652991516016266360e+03 3.656373170617829601e+03 3.660322730743063403e+03
-1.826643757028439495e+03 0.000000000000000000e+00 3.653705153836199315e+00 1.826347758987827092e+03 1.829729413589390333e+03 1.833678973714624135e+03
-1.830297462182275694e+03 -3.653705153836199315e+00 0.000000000000000000e+00 1.822694053833990893e+03 1.826075708435554134e+03 1.830025268560787936e+03
-3.652991516016266360e+03 -1.826347758987827092e+03 -1.822694053833990893e+03 0.000000000000000000e+00 3.381654601563241158e+00 7.331214726797043113e+00
-3.656373170617829601e+03 -1.829729413589390333e+03 -1.826075708435554134e+03 -3.381654601563241158e+00 0.000000000000000000e+00 3.949560125233801955e+00
-3.660322730743063403e+03 -1.833678973714624135e+03 -1.830025268560787936e+03 -7.331214726797043113e+00 -3.949560125233801955e+00 0.000000000000000000e+00
