0.000000000000000000e+00 1.689860231479581671e+03 1.825356436003934505e+03 1.860089495416338650e+03 3.379092723201430999e+03 3.515150953868355828e+03 3.549820112901208631e+03 3.650082974241433476e+03 3.685254931585265695e+03 3.719515323578547395e+03
-1.689860231479581671e+03 0.000000000000000000e+00 1.354962045243528337e+02 1.702292639367569791e+02 1.689232491721849328e+03 1.825290722388774157e+03 1.859959881421626960e+03 1.960222742761851805e+03 1.995394700105684024e+03 2.029655092098965724e+03
-1.825356436003934505e+03 -1.354962045243528337e+02 0.000000000000000000e+00 3.473305941240414541e+01 1.553736287197496495e+03 1.689794517864421323e+03 1.724463676897274127e+03 1.824726538237498971e+03 1.859898495581331190e+03 1.894158887574612891e+03
-1.860089495416338650e+03 -1.702292639367569791e+02 -3.473305941240414541e+01 0.000000000000000000e+00 1.519003227785092349e+03 1.655061458452017177e+03 1.689730617484869981e+03 1.789993478825094826e+03 1.825165436168927044e+03 1.859425828162208745e+03
-3.379092723201430999e+03 -1.689232491721849328e+03 -1.553736287197496495e+03 -1.519003227785092349e+03 0.000000000000000000e+00 1.360582306669248283e+02 1.707273896997776319e+02 2.709902510400024767e+02 3.061622083838346953e+02 3.404226003771163960e+02
-3.515150953868355828e+03 -1.825290722388774157e+03 -1.689794517864421323e+03 -1.655061458452017177e+03 -1.360582306669248283e+02 0.000000000000000000e+00 3.466915903285280365e+01 1.349320203730776484e+02 1.701039777169098670e+02 2.043643697101915677e+02
-3.549820112901208631e+03 -1.859959881421626960e+03 -1.724463676897274127e+03 -1.689730617484869981e+03 -1.707273896997776319e+02 -3.466915903285280365e+01 0.000000000000000000e+00 1.002628613402248448e+02 1.354348186840570634e+02 1.696952106773387641e+02
-3.650082974241433476e+03 -1.960222742761851805e+03 -1.824726538237498971e+03 -1.789993478825094826e+03 -2.709902510400024767e+02 -1.349320203730776484e+02 -1.002628613402248448e+02 0.000000000000000000e+00 3.517195734383221861e+01 6.943234933711391932e+01
-3.685254931585265695e+03 -1.995394700105684024e+03 -1.859898495581331190e+03 -1.825165436168927044e+03 -3.061622083838346953e+02 -1.701039777169098670e+02 -1.354348186840570634e+02 -3.517195734383221861e+01 0.000000000000000000e+00 3.426039199328170071e+01
-3.719515323578547395e+03 -2.029655092098965724e+03 -1.894158887574612891e+03 -1.859425828162208745e+03 -3.404226003771163960e+02 -2.043643697101915677e+02 -1.696952106773387641e+02 -6.943234933711391932e+01 -3.426039199328170071e+01 0.000000000000000000e+00
