0.000000000000000000e+00 1.688428979467230874e+03 1.815475330806197690e+03 1.852528869905147531e+03 3.375532422332440092e+03 3.503436350891307939e+03 3.540488687303911775e+03 3.622159972194127022e+03 3.666488034562033590e+03 3.698248847694609594e+03
-1.688428979467230874e+03 0.000000000000000000e+00 1.270463513389668151e+02 1.640998904379166561e+02 1.687103442865209217e+03 1.815007371424077064e+03 1.852059707836680900e+03 1.933730992726896147e+03 1.978059055094802716e+03 2.009819868227378720e+03
-1.815475330806197690e+03 -1.270463513389668151e+02 0.000000000000000000e+00 3.705353909894984099e+01 1.560057091526242402e+03 1.687961020085110249e+03 1.725013356497714085e+03 1.806684641387929332e+03 1.851012703755835901e+03 1.882773516888411905e+03
-1.852528869905147531e+03 -1.640998904379166561e+02 -3.705353909894984099e+01 0.000000000000000000e+00 1.523003552427292561e+03 1.650907480986160408e+03 1.687959817398764244e+03 1.769631102288979491e+03 1.813959164656886060e+03 1.845719977789462064e+03
-3.375532422332440092e+03 -1.687103442865209217e+03 -1.560057091526242402e+03 -1.523003552427292561e+03 0.000000000000000000e+00 1.279039285588678467e+02 1.649562649714716827e+02 2.466275498616869299e+02 2.909556122295934983e+02 3.227164253621695025e+02
-3.503436350891307939e+03 -1.815007371424077064e+03 -1.687961020085110249e+03 -1.650907480986160408e+03 -1.279039285588678467e+02 0.000000000000000000e+00 3.705233641260383592e+01 1.187236213028190832e+02 1.630516836707256516e+02 1.948124968033016557e+02
-3.540488687303911775e+03 -1.852059707836680900e+03 -1.725013356497714085e+03 -1.687959817398764244e+03 -1.649562649714716827e+02 -3.705233641260383592e+01 0.000000000000000000e+00 8.167128489021524729e+01 1.259993472581218157e+02 1.577601603906978198e+02
-3.622159972194127022e+03 -1.933730992726896147e+03 -1.806684641387929332e+03 -1.769631102288979491e+03 -2.466275498616869299e+02 -1.187236213028190832e+02 -8.167128489021524729e+01 0.000000000000000000e+00 4.432806236790656840e+01 7.608887550048257253e+01
-3.666488034562033590e+03 -1.978059055094802716e+03 -1.851012703755835901e+03 -1.813959164656886060e+03 -2.909556122295934983e+02 -1.630516836707256516e+02 -1.259993472581218157e+02 -4.432806236790656840e+01 0.000000000000000000e+00 3.176081313257600414e+01
-3.698248847694609594e+03 -2.009819868227378720e+03 -1.882773516888411905e+03 -1.845719977789462064e+03 -3.227164253621695025e+02 -1.948124968033016557e+02 -1.577601603906978198e+02 -7.608887550048257253e+01 -3.176081313257600414e+01 0.000000000000000000e+00
